191499	60
713695	52
181387	42
67897	39
783997	39
353560	37
944554	36
514725	34
1059899	31
28186	26
856368	26
107407	24
413046	23
893999	22
81901	21
676215	20
655904	20
203050	20
142889	19
48664	19
100215	19
66049	19
293244	18
946001	18
487805	18
729259	18
939915	18
110347	18
1044140	18
928498	18
313639	18
1061462	17
834362	17
800025	17
853575	17
77944	17
215089	17
934988	16
328160	16
836076	16
922514	16
758374	16
526229	16
698879	16
926069	16
454937	15
179830	15
221663	15
147751	15
28895	15
846996	15
107346	15
636863	14
186456	14
270641	14
9105	14
82431	14
1004252	14
229233	14
889095	14
986262	14
936203	14
458633	14
441588	13
982357	13
716692	13
223228	13
213297	13
822352	13
823766	13
764906	13
33363	13
559647	13
1088537	13
137298	13
316514	13
3001	13
564392	13
89953	13
824599	12
918348	12
1063589	12
539608	12
1039919	12
343432	12
554138	12
783801	12
349999	12
289564	12
313717	12
824453	11
1025501	11
597305	11
49881	11
335720	11
751519	11
281247	11
557122	11
656693	11
1112049	11
