4044	45
1102	42
2385	33
4282	29
2403	28
4659	28
1892	28
184	    27
1760	26
1393	26
598	    26
798	    25
4918	25
804	    24
2823	24
3828	24
420	    23
422	    23
3144	23
2813	22
66	    22
4976	21
4129	21
1967	21
2677	21
2545	20
1	    20
4368	20
3734	19
4871	19
3491	18
3760	18
375	    18
1031	17
606	    17
4173	16
1535	16
2664	16
4845	16
1595	16
1188	16
3935	15
1346	15
2217	15
3578	15
2031	15
4760	14
1056	14
4161	14
2223	14
2537	14
2676	13
1131	13
4644	13
4043	13
411	    12
474	    12
1340	12
2422	12
2954	12
3826	12
1236	11
2387	11
2273	11
4049	11
141	    11
1641	11
4950	11
1485	10
3663	10
4585	10
1830	10
2930	10
2721	10
4926	10
4752	9
4525	9
862	    9
1058	9
3016	9
4818	9
2206	9
740	    9
3105	9
323	    9
4257	9
361	    9
3609	9
4708	9
1687	9
2318	8
3669	8
4766	8
609	    8
2370	8
3484	8
4127	8
219	    8
4170	8
1749	8
