86,43	3
5,36	1
16,58	1
66,47	3
20,37	1
89,27	4
56,68	2
21,42	1
96,22	4
72,80	2
99,10	4
20,74	1
59,19	4
70,23	4
81,86	2
53,14	4
72,60	3
2,80	1
10,77	1
81,76	3
44,86	2
3,58	1
7,32	1
89,6	4
61,50	3
31,74	2
96,47	3
100,60	3
96,66	3
0,82	1
17,1	1
2,43	1
8,80	1
15,62	1
81,28	4
45,78	2
48,42	1
61,82	2
24,33	1
23,39	1
37,20	1
99,54	3
5,76	1
45,74	2
87,75	3
61,36	4
46,94	2
58,74	2
73,93	2
37,53	1
41,25	1
88,98	2
79,43	3
19,44	1
60,68	2
93,46	3
76,94	2
20,47	1
17,70	1
55,22	4
12,43	1
100,87	3
5,42	1
54,67	2
13,93	2
61,37	4
99,52	3
6,18	1
23,15	1
93,47	3
70,12	4
49,40	1
42,82	2
85,74	3
93,3	4
2,44	1
39,29	1
29,60	1
13,68	1
62,69	2
37,17	1
83,33	4
7,86	1
80,99	2
7,83	1
74,35	4
75,7	4
41,57	1
20,97	2
57,93	2
23,95	2
57,74	2
37,78	2
55,98	2
34,30	1
23,38	1
38,31	1
43,54	1
39,54	1
6,73	1
